epoch train_acc1 train_acc2 test_acc1 test_acc2
0 0 0 4.891304347826087 19.989809782608695
1 18.21961009174312 18.10493119266055 32.25203804347826 32.28600543478261
2 23.752866972477065 24.07540137614679 35.71671195652174 35.29211956521739
3 26.261467889908257 25.65223623853211 36.58288043478261 37.39809782608695
4 27.831135321100916 27.87413990825688 35.9375 36.73573369565217
5 29.458142201834864 29.479644495412845 37.24524456521739 38.43410326086956
6 31.020642201834864 30.75544724770642 39.30027173913044 38.40013586956522
7 32.85550458715596 32.58314220183486 37.567934782608695 37.39809782608695
8 33.55074541284404 33.507740825688074 36.82065217391305 36.514945652173914
9 34.43233944954128 34.38216743119266 39.28328804347826 39.09646739130435
10 35.28526376146789 35.012901376146786 38.96059782608695 38.65489130434783
11 36.933772935779814 36.49655963302752 38.68885869565217 38.84171195652174
12 36.71158256880734 36.71875 36.80366847826087 37.02445652173913
13 37.70785550458716 37.829701834862384 38.02649456521739 38.29823369565217
14 38.83314220183486 39.18434633027523 37.22826086956522 37.92459239130435
15 38.94782110091743 39.72907110091743 36.922554347826086 36.80366847826087
16 40.424311926605505 40.23079128440367 38.31521739130435 37.78872282608695
17 41.3704128440367 41.53526376146789 38.36616847826087 37.313179347826086
18 41.21989678899082 41.19839449541284 37.890625 37.39809782608695
19 42.05848623853211 42.28784403669725 38.36616847826087 37.26222826086956
20 42.940080275229356 43.07626146788991 38.33220108695652 37.958559782608695
21 43.40596330275229 43.4418004587156 38.11141304347826 37.51698369565217
22 44.0581995412844 43.7141628440367 36.531929347826086 36.24320652173913
23 44.215883027522935 44.39506880733945 37.63586956521739 36.15828804347826
24 44.731938073394495 44.54558486238532 36.514945652173914 36.396059782608695
25 44.66026376146789 45.05447247706422 37.26222826086956 36.328125
26 45.53469036697248 45.26949541284404 37.14334239130435 37.61888586956522
27 46.24426605504587 45.88589449541284 37.80570652173913 38.213315217391305
28 46.25143348623853 46.179759174311926 36.10733695652174 37.02445652173913
29 46.17259174311926 46.24426605504587 36.76970108695652 37.703804347826086
30 46.10091743119266 46.294438073394495 37.296195652173914 36.41304347826087
31 46.50946100917431 46.788990825688074 37.34714673913044 37.48301630434783
32 46.5668004587156 46.49512614678899 36.31114130434783 36.61684782608695
33 47.01118119266055 46.73881880733945 36.85461956521739 37.55095108695652
34 47.63474770642202 47.10435779816514 36.48097826086956 36.75271739130435
35 47.88560779816514 47.742259174311926 37.00747282608695 36.905570652173914
36 47.97878440366973 48.02895642201835 36.531929347826086 36.97350543478261
37 48.02178899082569 48.24397935779817 35.869565217391305 35.64877717391305
38 47.54873853211009 47.950114678899084 35.68274456521739 36.005434782608695
39 48.05762614678899 48.53784403669725 36.80366847826087 37.00747282608695
40 47.684919724770644 48.1293004587156 34.188179347826086 34.20516304347826
41 47.204701834862384 47.28354357798165 35.63179347826087 35.41100543478261
42 48.60951834862385 48.50917431192661 35.68274456521739 36.29415760869565
43 49.283256880733944 49.35493119266055 36.83763586956522 36.58288043478261
44 49.12557339449541 49.34776376146789 35.78464673913044 35.00339673913044
45 49.33342889908257 49.34776376146789 36.786684782608695 36.17527173913044
46 48.83170871559633 49.21875 35.56385869565217 35.81861413043478
47 49.548451834862384 49.397935779816514 35.63179347826087 35.37703804347826
48 49.74913990825688 49.90682339449541 35.59782608695652 35.95448369565217
49 50.12184633027523 50.0 35.49592391304348 34.91847826086956
50 50.05733944954128 50.12901376146789 36.531929347826086 35.98845108695652
51 50.143348623853214 50.22219036697248 35.44497282608695 35.17323369565217
52 50.38704128440367 50.53755733944954 35.49592391304348 35.15625
53 50.50172018348624 49.92115825688074 35.224184782608695 35.20720108695652
54 50.55189220183486 50.637901376146786 35.478940217391305 35.58084239130435
55 50.616399082568805 50.55905963302752 35.13926630434783 34.42595108695652
56 50.695240825688074 50.831422018348626 35.25815217391305 35.44497282608695
57 51.20412844036697 51.12528669724771 35.76766304347826 35.46195652173913
58 51.37614678899082 51.40481651376147 34.85054347826087 35.27513586956522
59 51.27580275229358 51.476490825688074 35.9375 36.19225543478261
60 51.2543004587156 50.87442660550459 35.71671195652174 34.91847826086956
61 51.31880733944954 51.21846330275229 35.80163043478261 35.29211956521739
62 51.799025229357795 51.57683486238532 36.10733695652174 35.59782608695652
63 52.0355504587156 52.08572247706422 36.15828804347826 35.97146739130435
64 52.028383027522935 52.293577981651374 36.03940217391305 35.98845108695652
65 52.43692660550459 52.25057339449541 36.124320652173914 34.85054347826087
66 52.27207568807339 52.22190366972477 36.63383152173913 36.650815217391305
67 51.84202981651376 51.727350917431195 36.59986413043478 36.10733695652174
68 52.60177752293578 52.41542431192661 36.17527173913044 36.07336956521739
69 52.25057339449541 52.257740825688074 35.85258152173913 35.869565217391305
70 52.71645642201835 52.795298165137616 36.27717391304348 36.03940217391305
71 52.17173165137615 51.727350917431195 35.15625 35.51290760869565
72 52.40108944954128 52.36525229357798 35.44497282608695 35.49592391304348
73 52.93147935779817 52.42259174311926 34.49388586956522 33.71263586956522
74 52.257740825688074 52.393922018348626 36.531929347826086 36.260190217391305
75 52.59461009174312 53.01748853211009 35.66576086956522 35.546875
76 52.35808486238532 53.06766055045872 36.05638586956522 35.92051630434783
77 53.175172018348626 52.945814220183486 35.05434782608695 35.44497282608695
78 53.42603211009175 53.20384174311926 34.93546195652174 35.10529891304348
79 53.175172018348626 52.83830275229358 34.15421195652174 33.45788043478261
80 52.35808486238532 53.25401376146789 36.34510869565217 36.514945652173914
81 50.90309633027523 51.5625 36.10733695652174 36.05638586956522
82 53.33285550458716 53.189506880733944 35.30910326086956 35.80163043478261
83 53.51920871559633 52.80246559633027 35.19021739130435 35.27513586956522
84 52.20756880733945 52.85980504587156 35.30910326086956 35.68274456521739
85 52.46559633027523 52.70928899082569 35.51290760869565 35.37703804347826
86 53.51204128440367 53.289850917431195 34.561820652173914 34.59578804347826
87 53.42603211009175 53.175172018348626 34.93546195652174 34.74864130434783
88 53.35435779816514 53.56221330275229 35.78464673913044 35.71671195652174
89 53.28268348623853 53.71272935779817 34.47690217391305 34.952445652173914
90 53.96358944954128 53.19667431192661 36.07336956521739 36.15828804347826
91 54.01376146788991 53.86324541284404 34.88451086956522 35.03736413043478
92 53.88474770642202 53.98509174311926 35.71671195652174 35.733695652173914
93 54.57282110091743 54.372133027522935 35.58084239130435 34.90149456521739
94 54.6875 54.522649082568805 33.84850543478261 36.03940217391305
95 54.66599770642202 54.19294724770642 35.00339673913044 35.71671195652174
96 53.6338876146789 53.856077981651374 35.90353260869565 35.41100543478261
97 53.04615825688074 53.304185779816514 34.88451086956522 35.25815217391305
98 54.44380733944954 54.30762614678899 34.90149456521739 35.00339673913044
99 54.50114678899082 54.57998853211009 34.697690217391305 35.29211956521739
100 53.970756880733944 53.856077981651374 35.10529891304348 35.17323369565217
101 54.55848623853211 54.58715596330275 35.69972826086956 35.546875
102 54.32912844036697 54.78067660550459 34.61277173913044 35.00339673913044
103 54.55131880733945 54.93119266055046 34.833559782608695 35.088315217391305
104 54.9598623853211 54.9956995412844 34.29008152173913 34.86752717391305
105 54.716169724770644 54.80217889908257 35.41100543478261 35.20720108695652
106 54.43663990825688 55.01003440366973 35.733695652173914 35.56385869565217
107 54.80217889908257 54.91685779816514 35.15625 34.85054347826087
108 54.96702981651376 54.9598623853211 35.224184782608695 35.13926630434783
109 55.1963876146789 55.06020642201835 35.51290760869565 35.39402173913044
110 55.07454128440367 55.21072247706422 34.833559782608695 34.71467391304348
111 55.48308486238532 55.04587155963303 34.71467391304348 34.59578804347826
112 54.4151376146789 54.56565366972477 34.98641304347826 34.40896739130435
113 55.612098623853214 55.08887614678899 35.15625 35.85258152173913
114 55.41141055045872 54.888188073394495 35.750679347826086 35.98845108695652
115 54.81651376146789 54.57282110091743 34.68070652173913 34.45991847826087
116 55.73394495412844 55.49025229357798 34.49388586956522 34.29008152173913
117 55.683772935779814 55.71244266055046 34.188179347826086 34.98641304347826
118 55.96330275229358 55.83428899082569 33.96739130434783 33.88247282608695
119 55.41141055045872 55.64076834862385 34.62975543478261 34.93546195652174
120 55.44724770642202 55.79128440366973 34.61277173913044 34.74864130434783
121 55.61926605504587 55.7769495412844 34.59578804347826 34.969429347826086
122 55.9776376146789 56.04214449541284 34.68070652173913 34.54483695652174
123 56.070814220183486 56.17115825688074 34.188179347826086 34.85054347826087
124 55.683772935779814 55.83428899082569 34.32404891304348 34.952445652173914
125 56.23566513761468 56.17115825688074 34.59578804347826 35.24116847826087
126 55.819954128440365 55.82712155963303 33.18614130434783 33.30502717391305
127 55.69810779816514 56.13532110091743 34.00135869565217 35.13926630434783
128 56.199827981651374 55.45441513761468 34.45991847826087 34.59578804347826
129 56.14965596330275 55.98480504587156 34.93546195652174 34.93546195652174
130 55.920298165137616 56.23566513761468 35.37703804347826 35.83559782608695
131 55.83428899082569 55.762614678899084 34.375 34.08627717391305
132 55.62643348623853 55.69810779816514 34.86752717391305 35.07133152173913
133 55.92746559633027 55.96330275229358 33.71263586956522 34.171195652173914
134 56.085149082568805 56.221330275229356 34.81657608695652 34.40896739130435
135 56.013474770642205 56.414850917431195 33.72961956521739 34.442934782608695
136 56.02780963302752 56.070814220183486 34.307065217391305 34.375
137 56.25 56.5223623853211 34.71467391304348 34.32404891304348
138 56.465022935779814 56.47219036697248 34.578804347826086 34.66372282608695
139 56.60837155963303 56.680045871559635 34.307065217391305 34.25611413043478
140 56.794724770642205 56.76605504587156 34.171195652173914 34.25611413043478
141 56.221330275229356 56.26433486238532 34.23913043478261 33.83152173913044
142 56.64420871559633 56.67287844036697 34.39198369565217 34.23913043478261
143 56.852064220183486 57.02408256880734 34.188179347826086 34.307065217391305
144 57.081422018348626 56.95957568807339 34.15421195652174 33.780570652173914
145 57.0670871559633 57.01691513761468 34.833559782608695 34.45991847826087
146 57.15309633027523 56.84489678899082 34.171195652173914 34.22214673913044
147 57.07425458715596 57.03841743119266 34.29008152173913 33.93342391304348
148 57.14592889908257 57.28211009174312 34.697690217391305 34.01834239130435
149 57.059919724770644 57.10292431192661 33.69565217391305 34.88451086956522
150 57.174598623853214 57.23910550458716 33.67866847826087 34.12024456521739
151 56.98824541284404 57.231938073394495 33.916440217391305 34.12024456521739
152 57.11009174311926 57.3394495412844 34.578804347826086 34.12024456521739
153 57.13159403669725 57.04558486238532 34.10326086956522 34.40896739130435
154 57.174598623853214 57.10292431192661 34.29008152173913 34.12024456521739
155 57.346616972477065 57.29644495412844 34.188179347826086 34.73165760869565
156 57.482798165137616 57.382454128440365 34.34103260869565 34.42595108695652
157 57.52580275229358 57.41112385321101 33.916440217391305 34.27309782608695
158 56.95240825688074 57.13159403669725 34.78260869565217 34.29008152173913
159 57.52580275229358 57.43262614678899 34.13722826086956 33.797554347826086
160 57.37528669724771 57.267775229357795 33.88247282608695 33.84850543478261
161 57.48996559633027 57.39678899082569 34.10326086956522 34.13722826086956
162 57.633314220183486 57.60464449541284 33.67866847826087 33.780570652173914
163 57.56880733944954 57.61897935779817 34.64673913043478 34.23913043478261
164 57.80533256880734 57.647649082568805 34.68070652173913 34.952445652173914
165 57.43262614678899 57.482798165137616 34.442934782608695 34.01834239130435
166 57.841169724770644 57.71215596330275 34.12024456521739 33.780570652173914
167 57.461295871559635 57.47563073394495 34.25611413043478 33.780570652173914
168 57.79099770642202 57.669151376146786 33.55978260869565 34.01834239130435
169 57.8125 57.73365825688074 33.389945652173914 33.71263586956522
170 57.862672018348626 57.7766628440367 34.10326086956522 34.22214673913044
171 57.65481651376147 57.47563073394495 34.34103260869565 34.12024456521739
172 57.79816513761468 57.90567660550459 34.22214673913044 34.375
173 57.91284403669725 57.76949541284404 33.797554347826086 33.57676630434783
174 57.877006880733944 57.88417431192661 33.44089673913044 33.23709239130435
175 57.898509174311926 57.91284403669725 34.22214673913044 34.49388586956522
176 57.94151376146789 57.97018348623853 34.13722826086956 34.171195652173914
177 58.21387614678899 58.13503440366973 34.00135869565217 33.93342391304348
178 58.13503440366973 58.0848623853211 34.052309782608695 34.15421195652174
179 57.92001146788991 57.92001146788991 34.08627717391305 34.03532608695652
180 58.1206995412844 58.14936926605505 34.23913043478261 34.22214673913044
181 57.99885321100918 58.09202981651376 34.052309782608695 34.10326086956522
182 58.163704128440365 58.19954128440367 33.35597826086956 33.95040760869565
183 58.17803899082569 58.25688073394495 33.71263586956522 34.08627717391305
184 58.22104357798165 58.25688073394495 34.03532608695652 33.89945652173913
185 58.299885321100916 58.36439220183486 33.83152173913044 33.984375
186 58.24971330275229 58.2855504587156 33.74660326086956 34.35801630434783
187 58.299885321100916 58.27121559633027 33.69565217391305 34.25611413043478
188 58.127866972477065 58.15653669724771 34.00135869565217 34.27309782608695
189 58.50057339449541 58.378727064220186 33.88247282608695 34.171195652173914
190 58.46473623853211 58.36439220183486 33.797554347826086 34.08627717391305
191 58.22821100917431 58.36439220183486 33.67866847826087 33.916440217391305
192 58.393061926605505 58.37155963302752 33.50883152173913 33.88247282608695
193 58.42173165137615 58.48623853211009 33.69565217391305 34.06929347826087
194 58.45756880733945 58.49340596330275 33.69565217391305 33.984375
195 58.42173165137615 58.44323394495413 33.64470108695652 33.916440217391305
196 58.414564220183486 58.44323394495413 33.72961956521739 34.03532608695652
197 58.49340596330275 58.507740825688074 33.69565217391305 33.916440217391305
198 58.42173165137615 58.40739678899082 33.89945652173913 34.25611413043478
199 58.450401376146786 58.38589449541284 33.916440217391305 34.08627717391305
