epoch train_acc1 train_acc2 test_acc1 test_acc2
0 0 0 19.39538043478261 4.6365489130434785
1 22.856938073394495 22.66341743119266 41.16847826086956 40.50611413043478
2 30.411410550458715 30.268061926605505 37.46603260869565 38.16236413043478
3 36.79759174311926 36.59690366972477 34.171195652173914 34.27309782608695
4 42.86840596330275 42.538704128440365 33.25407608695652 32.880434782608695
5 47.305045871559635 47.477064220183486 31.283967391304348 31.963315217391305
6 50.831422018348626 50.4730504587156 33.62771739130435 32.65964673913044
7 53.52637614678899 53.56221330275229 30.621603260869566 30.961277173913043
8 55.07454128440367 54.79501146788991 30.519701086956523 31.742527173913043
9 55.48308486238532 55.404243119266056 32.15013586956522 31.36888586956522
10 55.76978211009175 55.36123853211009 32.59171195652174 33.525815217391305
11 56.5223623853211 56.7230504587156 32.11616847826087 31.77649456521739
12 57.15309633027523 57.21760321100918 33.62771739130435 33.89945652173913
13 57.783830275229356 57.8125 32.03125 32.98233695652174
14 58.17087155963303 58.17803899082569 32.099184782608695 32.50679347826087
15 58.36439220183486 58.19237385321101 31.402853260869566 32.28600543478261
16 58.65108944954128 58.428899082568805 31.980298913043477 32.96535326086956
17 58.299885321100916 58.22821100917431 32.353940217391305 32.45584239130435
18 58.13503440366973 58.43606651376147 32.38790760869565 32.25203804347826
19 57.3036123853211 57.97018348623853 31.708559782608695 33.08423913043478
20 57.482798165137616 57.3394495412844 32.43885869565217 32.16711956521739
21 57.98451834862385 57.89134174311926 33.08423913043478 32.099184782608695
22 58.52207568807339 58.46473623853211 32.18410326086956 32.235054347826086
23 58.60091743119266 58.944954128440365 31.793478260869566 33.06725543478261
24 58.99512614678899 58.57224770642202 32.608695652173914 32.76154891304348
25 58.82310779816514 58.83744266055046 33.03328804347826 31.75951086956522
26 58.83744266055046 58.887614678899084 31.878396739130434 32.20108695652174
27 59.08830275229358 59.15280963302752 32.744565217391305 33.08423913043478
28 59.25315366972477 59.159977064220186 32.33695652173913 32.94836956521739
29 58.80160550458716 58.887614678899084 33.37296195652174 32.52377717391305
30 59.159977064220186 59.0668004587156 32.489809782608695 33.54279891304348
31 58.923451834862384 59.09547018348624 32.421875 33.05027173913044
32 58.88044724770642 58.70126146788991 33.44089673913044 32.71059782608695
33 58.127866972477065 58.76576834862385 31.691576086956523 30.706521739130434
34 58.07769495412844 58.51490825688074 31.827445652173914 32.099184782608695
35 58.737098623853214 58.72276376146789 33.08423913043478 32.59171195652174
36 59.09547018348624 59.0668004587156 32.76154891304348 31.91236413043478
37 59.65452981651376 59.51118119266055 33.84850543478261 32.59171195652174
38 59.86955275229358 59.58285550458716 32.59171195652174 32.50679347826087
39 59.99856651376147 59.58285550458716 32.625679347826086 32.79551630434783
40 59.75487385321101 59.78354357798165 32.099184782608695 32.31997282608695
41 59.977064220183486 59.6831995412844 31.827445652173914 31.94633152173913
42 59.8838876146789 59.690366972477065 32.67663043478261 32.43885869565217
43 59.93405963302752 59.79071100917431 32.54076086956522 32.744565217391305
44 59.81938073394495 59.955561926605505 31.657608695652176 32.421875
45 59.27465596330275 59.6831995412844 34.00135869565217 32.04823369565217
46 59.52551605504587 59.46817660550459 32.03125 33.135190217391305
47 59.461009174311926 59.575688073394495 31.674592391304348 31.640625
48 59.36066513761468 59.47534403669725 32.01426630434783 32.59171195652174
49 59.78354357798165 59.79787844036697 32.38790760869565 32.65964673913044
50 60.06307339449541 60.06307339449541 32.03125 32.72758152173913
51 60.00573394495413 59.75487385321101 32.45584239130435 32.353940217391305
52 60.08457568807339 60.06307339449541 32.38790760869565 32.50679347826087
53 60.22792431192661 60.31393348623853 31.929347826086957 32.40489130434783
54 60.206422018348626 60.21358944954128 31.963315217391305 31.878396739130434
55 60.39994266055046 60.220756880733944 31.640625 32.421875
56 60.14908256880734 60.11324541284404 31.844429347826086 32.235054347826086
57 60.070240825688074 60.106077981651374 32.08220108695652 32.54076086956522
58 60.00573394495413 59.991399082568805 32.77853260869565 32.72758152173913
59 59.69753440366973 59.50401376146789 31.94633152173913 31.25
60 59.91255733944954 59.59719036697248 32.218070652173914 33.03328804347826
61 60.00573394495413 59.668864678899084 32.54076086956522 31.844429347826086
62 60.1920871559633 60.106077981651374 33.05027173913044 33.525815217391305
63 60.40711009174312 60.1920871559633 32.608695652173914 31.89538043478261
64 60.299598623853214 60.17058486238532 31.25 31.929347826086957
65 60.32826834862385 60.55045871559633 32.608695652173914 32.26902173913044
66 60.51462155963303 60.607798165137616 31.75951086956522 32.25203804347826
67 60.507454128440365 60.70814220183486 31.81046195652174 32.20108695652174
68 60.60063073394495 60.75114678899082 32.28600543478261 32.93138586956522
69 60.700974770642205 60.72964449541284 31.283967391304348 31.77649456521739
70 60.485951834862384 60.63646788990825 31.13111413043478 30.68953804347826
71 60.34260321100918 60.507454128440365 32.33695652173913 32.625679347826086
72 60.61496559633027 60.77981651376147 31.012228260869566 31.708559782608695
73 60.57196100917431 60.60063073394495 31.997282608695652 32.235054347826086
74 60.49311926605505 60.758314220183486 32.099184782608695 32.82948369565217
75 60.67947247706422 60.76548165137615 32.20108695652174 32.11616847826087
76 60.71530963302752 60.851490825688074 31.589673913043477 31.827445652173914
77 60.57196100917431 60.47878440366973 32.33695652173913 32.235054347826086
78 60.27809633027523 60.643635321100916 31.72554347826087 30.893342391304348
79 60.012901376146786 59.92689220183486 31.997282608695652 32.099184782608695
80 59.71186926605505 59.195814220183486 31.453804347826086 31.283967391304348
81 60.106077981651374 59.690366972477065 32.13315217391305 31.929347826086957
82 60.586295871559635 60.31393348623853 33.203125 32.353940217391305
83 60.92316513761468 60.758314220183486 31.266983695652176 31.33491847826087
84 60.98050458715596 60.83715596330275 32.880434782608695 31.878396739130434
85 61.002006880733944 60.95183486238532 32.91440217391305 32.25203804347826
86 61.18836009174312 61.08801605504587 32.880434782608695 32.18410326086956
87 61.116685779816514 61.10951834862385 32.69361413043478 32.20108695652174
88 61.2456995412844 61.20269495412844 32.57472826086956 32.31997282608695
89 61.07368119266055 60.81565366972477 32.52377717391305 32.71059782608695
90 61.138188073394495 61.07368119266055 33.06725543478261 32.89741847826087
91 61.10951834862385 61.15969036697248 32.84646739130435 32.50679347826087
92 61.08801605504587 61.19552752293578 33.203125 32.55774456521739
93 61.12385321100918 61.21702981651376 32.84646739130435 32.40489130434783
94 60.80848623853211 60.95900229357798 32.03125 31.878396739130434
95 61.102350917431195 61.174025229357795 32.20108695652174 32.235054347826086
96 59.64019495412844 60.14908256880734 32.98233695652174 29.60258152173913
97 60.335435779816514 60.21358944954128 32.45584239130435 32.31997282608695
98 60.83715596330275 60.88016055045872 32.45584239130435 32.880434782608695
99 60.9016628440367 60.9733371559633 32.28600543478261 31.86141304347826
100 61.13102064220183 61.174025229357795 32.25203804347826 32.86345108695652
101 61.20269495412844 61.22419724770642 32.86345108695652 32.89741847826087
102 61.19552752293578 61.19552752293578 31.657608695652176 32.11616847826087
103 61.002006880733944 61.10951834862385 32.099184782608695 32.03125
104 61.00917431192661 61.15969036697248 32.40489130434783 32.72758152173913
105 61.267201834862384 61.152522935779814 32.43885869565217 32.38790760869565
106 61.18836009174312 61.10951834862385 32.52377717391305 32.52377717391305
107 61.174025229357795 61.12385321100918 32.25203804347826 32.8125
108 61.22419724770642 61.10951834862385 32.54076086956522 32.55774456521739
109 61.080848623853214 61.152522935779814 32.15013586956522 32.91440217391305
110 60.758314220183486 61.00917431192661 32.15013586956522 32.28600543478261
111 61.267201834862384 61.33170871559633 31.50475543478261 32.86345108695652
112 61.03067660550459 61.35321100917431 32.353940217391305 33.525815217391305
113 60.89449541284404 60.89449541284404 32.50679347826087 32.69361413043478
114 60.98050458715596 61.152522935779814 32.64266304347826 32.01426630434783
115 61.20269495412844 61.03784403669725 31.52173913043478 31.47078804347826
116 60.92316513761468 60.908830275229356 32.98233695652174 31.929347826086957
117 61.35321100917431 61.09518348623853 32.26902173913044 32.31997282608695
118 61.14535550458716 61.10951834862385 32.57472826086956 32.38790760869565
119 61.30303899082569 61.37471330275229 32.47282608695652 32.30298913043478
120 61.56823394495413 61.48939220183486 32.94836956521739 32.71059782608695
121 61.52522935779817 61.52522935779817 32.40489130434783 32.64266304347826
122 61.575401376146786 61.539564220183486 32.50679347826087 32.8125
123 61.43922018348624 61.35321100917431 33.016304347826086 31.980298913043477
124 61.62557339449541 61.70441513761468 32.82948369565217 32.71059782608695
125 61.54673165137615 61.575401376146786 32.77853260869565 32.31997282608695
126 61.668577981651374 61.72591743119266 32.79551630434783 32.28600543478261
127 61.60407110091743 61.46072247706422 32.57472826086956 32.30298913043478
128 61.518061926605505 61.51089449541284 32.71059782608695 32.55774456521739
129 61.76175458715596 61.70441513761468 32.43885869565217 32.744565217391305
130 61.60407110091743 61.72591743119266 32.52377717391305 32.86345108695652
131 61.482224770642205 61.49655963302752 32.20108695652174 32.20108695652174
132 61.58973623853211 61.288704128440365 32.52377717391305 32.45584239130435
133 61.30303899082569 61.21702981651376 32.01426630434783 32.18410326086956
134 61.575401376146786 61.482224770642205 32.099184782608695 32.38790760869565
135 61.47505733944954 61.31020642201835 32.40489130434783 31.86141304347826
136 61.35321100917431 61.49655963302752 32.59171195652174 32.40489130434783
137 61.60407110091743 61.553899082568805 32.96535326086956 33.016304347826086
138 61.67574541284404 61.71158256880734 32.38790760869565 32.28600543478261
139 61.6829128440367 61.83342889908257 32.43885869565217 32.04823369565217
140 61.690080275229356 61.6829128440367 32.40489130434783 32.18410326086956
141 61.690080275229356 61.69724770642202 32.57472826086956 32.55774456521739
142 61.539564220183486 61.35321100917431 32.489809782608695 33.08423913043478
143 61.49655963302752 61.518061926605505 32.54076086956522 32.8125
144 61.59690366972477 61.43922018348624 31.91236413043478 31.487771739130434
145 61.632740825688074 61.62557339449541 30.842391304347824 31.572690217391305
146 61.30303899082569 61.27436926605505 32.25203804347826 33.33899456521739
147 61.58256880733945 61.690080275229356 31.742527173913043 32.77853260869565
148 61.668577981651374 61.61123853211009 32.69361413043478 31.963315217391305
149 61.35321100917431 61.54673165137615 31.827445652173914 31.94633152173913
150 61.539564220183486 61.62557339449541 31.38586956521739 32.421875
151 61.58256880733945 61.71158256880734 32.33695652173913 32.03125
152 61.58973623853211 61.71875 32.37092391304348 32.65964673913044
153 61.60407110091743 61.63990825688074 31.81046195652174 32.25203804347826
154 61.69724770642202 61.539564220183486 32.37092391304348 32.421875
155 61.81909403669725 61.79042431192661 32.43885869565217 32.96535326086956
156 61.72591743119266 61.83342889908257 32.421875 32.94836956521739
157 61.783256880733944 61.768922018348626 32.40489130434783 33.389945652173914
158 61.81192660550459 61.768922018348626 32.69361413043478 32.84646739130435
159 61.747419724770644 61.747419724770644 32.50679347826087 32.94836956521739
160 61.632740825688074 61.783256880733944 31.89538043478261 32.28600543478261
161 61.747419724770644 61.76175458715596 31.963315217391305 32.28600543478261
162 61.90510321100918 61.9911123853211 31.89538043478261 32.16711956521739
163 61.82626146788991 62.034116972477065 32.03125 32.04823369565217
164 61.768922018348626 61.83342889908257 31.742527173913043 32.15013586956522
165 61.85493119266055 61.98394495412844 32.18410326086956 32.421875
166 61.955275229357795 62.05561926605505 32.08220108695652 32.25203804347826
167 61.94810779816514 61.92660550458716 31.91236413043478 32.18410326086956
168 61.64707568807339 61.74025229357798 32.26902173913044 32.353940217391305
169 61.81192660550459 61.747419724770644 32.08220108695652 32.40489130434783
170 61.85493119266055 61.91227064220183 32.06521739130435 32.59171195652174
171 61.862098623853214 61.81909403669725 31.55570652173913 31.997282608695652
172 61.87643348623853 61.862098623853214 31.86141304347826 31.89538043478261
173 61.69724770642202 61.79042431192661 32.18410326086956 32.33695652173913
174 61.74025229357798 61.61840596330275 32.13315217391305 32.57472826086956
175 61.553899082568805 61.389048165137616 31.55570652173913 32.421875
176 61.768922018348626 61.76175458715596 32.16711956521739 32.744565217391305
177 61.768922018348626 61.77608944954128 32.218070652173914 32.77853260869565
178 61.70441513761468 61.82626146788991 31.963315217391305 32.71059782608695
179 61.77608944954128 61.74025229357798 32.03125 32.72758152173913
180 61.61840596330275 61.69724770642202 32.30298913043478 32.69361413043478
181 61.84059633027523 61.81909403669725 32.33695652173913 32.69361413043478
182 61.86926605504587 61.94810779816514 32.13315217391305 32.72758152173913
183 61.92660550458716 61.862098623853214 32.16711956521739 32.76154891304348
184 61.783256880733944 61.96961009174312 32.18410326086956 33.06725543478261
185 61.862098623853214 61.862098623853214 32.15013586956522 32.79551630434783
186 61.82626146788991 61.79042431192661 32.218070652173914 32.71059782608695
187 62.00544724770642 61.919438073394495 32.26902173913044 32.96535326086956
188 62.0269495412844 62.0269495412844 31.91236413043478 32.91440217391305
189 61.862098623853214 61.98394495412844 32.13315217391305 32.744565217391305
190 61.90510321100918 61.96961009174312 32.15013586956522 32.94836956521739
191 61.9911123853211 62.09862385321101 31.980298913043477 32.72758152173913
192 62.07712155963303 62.01978211009175 31.844429347826086 32.625679347826086
193 62.07712155963303 62.034116972477065 32.26902173913044 32.79551630434783
194 61.92660550458716 61.897935779816514 32.08220108695652 32.40489130434783
195 62.01978211009175 61.97677752293578 31.878396739130434 32.04823369565217
196 61.87643348623853 61.883600917431195 32.01426630434783 32.421875
197 61.897935779816514 61.84776376146789 31.89538043478261 32.54076086956522
198 62.15596330275229 62.048451834862384 31.963315217391305 32.43885869565217
199 61.91227064220183 61.94810779816514 32.08220108695652 32.54076086956522
