epoch train_acc1 train_acc2 test_acc1 test_acc2
0 0 0 19.39538043478261 4.6365489130434785
1 19.38790137614679 19.237385321100916 19.02173913043478 19.344429347826086
2 23.215309633027523 22.77092889908257 25.186820652173914 25.339673913043477
3 26.94954128440367 27.150229357798164 31.980298913043477 33.45788043478261
4 30.690940366972477 30.99197247706422 31.148097826086957 32.57472826086956
5 31.77322247706422 31.93807339449541 29.874320652173914 29.925271739130434
6 31.923738532110093 32.25344036697248 28.583559782608695 29.02513586956522
7 33.658256880733944 33.80160550458716 30.451766304347824 29.670516304347824
8 36.26003440366973 35.88016055045872 33.55978260869565 32.91440217391305
9 35.70814220183486 35.643635321100916 28.753396739130434 28.24388586956522
10 37.715022935779814 37.736525229357795 28.26086956521739 28.974184782608695
11 38.861811926605505 38.28841743119266 31.657608695652176 32.353940217391305
12 39.779243119266056 40.20212155963303 29.874320652173914 30.502717391304348
13 41.68577981651376 41.27723623853211 33.25407608695652 33.55978260869565
14 42.03698394495413 41.836295871559635 28.141983695652176 28.00611413043478
15 43.52064220183486 43.534977064220186 32.84646739130435 31.41983695652174
16 43.86467889908257 44.101204128440365 28.957201086956523 29.38179347826087
17 44.93262614678899 44.88962155963303 32.77853260869565 31.13111413043478
18 45.04730504587156 44.581422018348626 28.63451086956522 28.855298913043477
19 46.75315366972477 46.58830275229358 29.670516304347824 29.619565217391305
20 47.17603211009175 46.9108371559633 31.148097826086957 31.16508152173913
21 47.512901376146786 47.76376146788991 31.538722826086957 31.182065217391305
22 47.871272935779814 47.9644495412844 31.844429347826086 30.859375
23 49.19724770642202 48.81020642201835 29.90828804347826 31.063179347826086
24 49.47677752293578 49.548451834862384 31.81046195652174 30.961277173913043
25 50.351204128440365 50.09317660550459 31.148097826086957 31.216032608695652
26 49.29042431192661 49.31909403669725 29.194972826086957 28.515625
27 51.02494266055046 50.78125 27.275815217391305 27.90421195652174
28 51.67717889908257 51.2901376146789 31.16508152173913 31.89538043478261
29 51.46215596330275 51.61983944954128 32.25203804347826 31.963315217391305
30 51.67717889908257 52.17173165137615 28.68546195652174 28.226902173913043
31 52.293577981651374 52.21473623853211 31.436820652173914 30.94429347826087
32 52.45126146788991 52.02121559633027 30.808423913043477 30.60461956521739
33 53.58371559633027 53.340022935779814 29.670516304347824 29.925271739130434
34 53.340022935779814 53.22534403669725 30.46875 30.706521739130434
35 53.89908256880734 53.42603211009175 32.218070652173914 31.402853260869566
36 53.78440366972477 54.221616972477065 31.11413043478261 29.636548913043477
37 54.30762614678899 54.55131880733945 31.351902173913043 30.893342391304348
38 53.992259174311926 53.86324541284404 29.82336956521739 29.07608695652174
39 54.84518348623853 54.81651376146789 30.757472826086957 30.19701086956522
40 54.773509174311926 55.10321100917431 30.095108695652176 30.519701086956523
41 55.64076834862385 55.647935779816514 29.85733695652174 30.061141304347824
42 53.71989678899082 55.253727064220186 28.855298913043477 30.417798913043477
43 55.52608944954128 56.199827981651374 29.976222826086957 30.146059782608695
44 55.94896788990825 56.049311926605505 28.702445652173914 28.838315217391305
45 56.221330275229356 56.35034403669725 30.791440217391305 29.85733695652174
46 56.47935779816514 56.336009174311926 29.228940217391305 29.704483695652176
47 56.221330275229356 56.09948394495413 30.55366847826087 29.279891304347824
48 56.737385321100916 56.50802752293578 29.534646739130434 29.891304347826086
49 57.13876146788991 56.97391055045872 30.044157608695652 31.538722826086957
50 57.31794724770642 57.65481651376147 29.262907608695652 29.755434782608695
51 57.42545871559633 57.461295871559635 31.16508152173913 30.46875
52 57.76949541284404 57.69065366972477 29.891304347826086 30.502717391304348
53 57.762327981651374 58.05619266055046 30.876358695652176 29.56861413043478
54 57.89134174311926 58.378727064220186 29.262907608695652 28.226902173913043
55 57.52580275229358 57.669151376146786 29.43274456521739 29.51766304347826
56 58.299885321100916 58.428899082568805 30.010190217391305 30.34986413043478
57 57.196100917431195 56.945240825688074 30.825407608695652 29.789402173913043
58 57.51146788990825 57.69782110091743 30.94429347826087 30.621603260869566
59 58.378727064220186 58.51490825688074 30.230978260869566 29.653532608695652
60 55.10321100917431 56.9954128440367 29.21195652173913 30.146059782608695
61 58.22821100917431 59.138474770642205 30.961277173913043 31.148097826086957
62 59.288990825688074 59.71903669724771 29.347826086956523 29.449728260869566
63 58.808772935779814 58.98079128440367 29.55163043478261 28.923233695652176
64 59.081135321100916 58.8661123853211 29.500679347826086 29.94225543478261
65 59.425172018348626 59.54701834862385 29.398777173913043 29.755434782608695
66 58.24971330275229 58.57224770642202 29.500679347826086 28.90625
67 59.554185779816514 59.39650229357798 30.34986413043478 30.55366847826087
68 59.22448394495413 59.36066513761468 30.044157608695652 31.33491847826087
69 60.127580275229356 59.805045871559635 29.925271739130434 29.82336956521739
70 59.6831995412844 60.13474770642202 30.29891304347826 30.19701086956522
71 58.53641055045872 59.49684633027523 30.34986413043478 30.146059782608695
72 60.29243119266055 60.321100917431195 28.702445652173914 28.091032608695652
73 60.19925458715596 60.24942660550459 28.34578804347826 28.023097826086957
74 59.74770642201835 59.05246559633027 30.34986413043478 29.653532608695652
75 57.43262614678899 57.39678899082569 30.502717391304348 29.840353260869566
76 58.95212155963303 58.69409403669725 31.38586956521739 29.95923913043478
77 59.66169724770642 59.91255733944954 29.755434782608695 29.90828804347826
78 60.356938073394495 60.507454128440365 29.653532608695652 28.328804347826086
79 60.70814220183486 60.39994266055046 29.330842391304348 28.719429347826086
80 59.58285550458716 58.07052752293578 28.702445652173914 28.108016304347824
81 60.54329128440367 60.27809633027523 29.976222826086957 29.636548913043477
82 61.18836009174312 61.138188073394495 29.313858695652176 29.17798913043478
83 60.872993119266056 61.03067660550459 32.353940217391305 30.63858695652174
84 60.722477064220186 60.758314220183486 30.044157608695652 28.37975543478261
85 61.575401376146786 58.944954128440365 29.55163043478261 27.87024456521739
86 61.83342889908257 60.02006880733945 29.313858695652176 28.362771739130434
87 61.28153669724771 60.29243119266055 29.313858695652176 28.73641304347826
88 61.16685779816514 60.450114678899084 31.08016304347826 31.538722826086957
89 61.43922018348624 60.65080275229358 30.366847826086957 29.77241847826087
90 61.518061926605505 61.35321100917431 30.74048913043478 29.46671195652174
91 61.6829128440367 61.32454128440367 29.12703804347826 29.296875
92 61.64707568807339 61.72591743119266 29.41576086956522 29.059103260869566
93 61.84059633027523 61.7545871559633 29.891304347826086 28.481657608695652
94 61.632740825688074 61.48939220183486 30.027173913043477 29.80638586956522
95 61.71158256880734 60.82998853211009 30.451766304347824 28.057065217391305
96 61.804759174311926 59.955561926605505 30.434782608695652 30.044157608695652
97 62.01978211009175 62.170298165137616 29.46671195652174 28.175951086956523
98 62.27780963302752 62.45699541284404 29.008152173913043 28.328804347826086
99 62.22047018348624 62.75086009174312 29.56861413043478 30.044157608695652
100 62.60034403669725 62.586009174311926 29.99320652173913 28.65149456521739
101 61.7545871559633 62.06278669724771 30.58763586956522 29.296875
102 62.75086009174312 62.263474770642205 29.43274456521739 27.921195652173914
103 62.62184633027523 61.81909403669725 29.840353260869566 29.55163043478261
104 61.90510321100918 62.55733944954128 30.655570652173914 30.927309782608695
105 63.116399082568805 62.62901376146789 29.51766304347826 29.093070652173914
106 62.60751146788991 62.83686926605505 28.957201086956523 27.59850543478261
107 62.72935779816514 62.851204128440365 29.500679347826086 29.670516304347824
108 61.804759174311926 62.90854357798165 28.77038043478261 28.77038043478261
109 63.02322247706422 63.252580275229356 29.670516304347824 28.65149456521739
110 63.38876146788991 62.72219036697248 30.927309782608695 31.963315217391305
111 63.38876146788991 63.252580275229356 30.29891304347826 28.77038043478261
112 62.85837155963303 63.517775229357795 28.974184782608695 28.82133152173913
113 63.044724770642205 63.216743119266056 31.012228260869566 29.704483695652176
114 63.02322247706422 63.3170871559633 29.534646739130434 28.668478260869566
115 63.01605504587156 63.00172018348624 29.99320652173913 30.061141304347824
116 63.07339449541284 62.1918004587156 30.485733695652176 29.21195652173913
117 63.517775229357795 63.27408256880734 30.366847826086957 29.500679347826086
118 63.39592889908257 63.48910550458716 29.755434782608695 29.449728260869566
119 63.60378440366973 63.54644495412844 29.093070652173914 28.20991847826087
120 63.575114678899084 63.18807339449541 29.194972826086957 29.110054347826086
121 63.825974770642205 63.68262614678899 28.464673913043477 28.872282608695652
122 63.94782110091743 63.96215596330275 28.617527173913043 28.702445652173914
123 63.66829128440367 63.18807339449541 27.90421195652174 29.279891304347824
124 63.919151376146786 63.91198394495413 28.872282608695652 28.668478260869566
125 64.12700688073394 64.20584862385321 28.60054347826087 28.99116847826087
126 64.14134174311927 64.03383027522936 29.110054347826086 28.43070652173913
127 63.66829128440367 63.70412844036697 29.347826086956523 28.99116847826087
128 64.42803899082568 64.27035550458716 28.82133152173913 29.008152173913043
129 64.3348623853211 64.34202981651376 28.90625 29.04211956521739
130 64.48537844036697 64.72190366972477 29.976222826086957 29.56861413043478
131 64.05533256880734 64.3348623853211 29.6875 30.146059782608695
132 64.60005733944953 64.61439220183486 29.755434782608695 29.55163043478261
133 64.6430619266055 64.75057339449542 29.99320652173913 29.41576086956522
134 64.83658256880734 64.2990252293578 29.16100543478261 28.583559782608695
135 64.76490825688073 64.7362385321101 29.585597826086957 29.110054347826086
136 64.68606651376147 64.72190366972477 30.010190217391305 29.228940217391305
137 64.8079128440367 64.62872706422019 29.38179347826087 29.144021739130434
138 64.87241972477064 64.9154243119266 30.21399456521739 29.534646739130434
139 64.7720756880734 64.39936926605505 29.12703804347826 29.38179347826087
140 64.77924311926606 64.71473623853211 29.585597826086957 29.721467391304348
141 64.96559633027523 65.0444380733945 29.55163043478261 28.940217391304348
142 65.12327981651376 65.09461009174312 29.17798913043478 29.90828804347826
143 65.33113532110092 65.15194954128441 28.889266304347824 28.63451086956522
144 64.92975917431193 64.9512614678899 29.51766304347826 29.110054347826086
145 65.38130733944953 65.14478211009174 29.85733695652174 29.55163043478261
146 65.14478211009174 65.12327981651376 28.34578804347826 28.24388586956522
147 65.10894495412845 65.3526376146789 29.6875 28.549592391304348
148 65.29529816513761 65.43147935779817 30.400815217391305 28.855298913043477
149 65.18061926605505 65.1161123853211 29.17798913043478 28.37975543478261
150 65.40280963302752 64.97993119266054 29.16100543478261 28.719429347826086
151 65.14478211009174 64.89392201834862 29.02513586956522 28.65149456521739
152 65.00143348623853 64.92259174311927 28.617527173913043 28.855298913043477
153 65.21645642201835 65.24512614678899 28.532608695652176 28.277853260869566
154 65.5174885321101 65.63216743119266 29.093070652173914 29.04211956521739
155 65.3526376146789 65.625 28.753396739130434 29.60258152173913
156 65.40280963302752 65.45298165137615 28.73641304347826 28.532608695652176
157 65.70384174311927 65.64650229357798 28.719429347826086 28.753396739130434
158 65.72534403669725 65.71817660550458 29.77241847826087 29.16100543478261
159 65.57482798165138 65.33830275229357 29.330842391304348 29.296875
160 65.71817660550458 65.84719036697248 28.804347826086957 27.768342391304348
161 65.71100917431193 65.79701834862385 30.146059782608695 29.398777173913043
162 65.5891628440367 65.70384174311927 29.12703804347826 28.515625
163 66.00487385321101 65.68233944954129 29.194972826086957 27.734375
164 65.99770642201835 65.89019495412845 29.330842391304348 28.515625
165 65.89019495412845 65.9690366972477 29.636548913043477 28.923233695652176
166 66.03354357798165 65.91886467889908 29.093070652173914 28.328804347826086
167 66.01920871559633 65.87586009174312 28.68546195652174 28.141983695652176
168 66.12672018348624 66.11238532110092 29.43274456521739 28.057065217391305
169 66.14105504587155 66.07654816513761 29.16100543478261 28.702445652173914
170 66.0622133027523 66.04071100917432 28.77038043478261 27.768342391304348
171 66.32024082568807 66.2987385321101 28.532608695652176 28.175951086956523
172 66.03354357798165 66.21272935779817 28.73641304347826 28.158967391304348
173 66.14105504587155 66.21272935779817 28.77038043478261 28.549592391304348
174 66.29157110091744 66.2987385321101 28.668478260869566 28.226902173913043
175 66.19839449541284 66.31307339449542 29.02513586956522 28.311820652173914
176 66.3704128440367 66.3345756880734 28.804347826086957 28.60054347826087
177 66.18405963302752 66.2987385321101 28.753396739130434 28.65149456521739
178 66.43491972477064 66.52809633027523 29.636548913043477 29.41576086956522
179 66.39908256880734 66.42058486238533 29.07608695652174 28.73641304347826
180 66.40625 66.41341743119266 28.617527173913043 28.549592391304348
181 66.42775229357798 66.50659403669725 29.02513586956522 28.63451086956522
182 66.52809633027523 66.43491972477064 29.17798913043478 28.24388586956522
183 66.52809633027523 66.47075688073394 29.02513586956522 28.63451086956522
184 66.40625 66.5711009174312 28.532608695652176 28.125
185 66.57826834862385 66.53526376146789 28.77038043478261 28.549592391304348
186 66.4779243119266 66.52092889908256 29.04211956521739 28.413722826086957
187 66.52809633027523 66.49942660550458 28.158967391304348 27.90421195652174
188 66.59260321100918 66.42775229357798 28.889266304347824 28.65149456521739
189 66.67144495412845 66.70011467889908 28.26086956521739 28.24388586956522
190 66.62844036697248 66.59977064220183 28.719429347826086 28.78736413043478
191 66.7502866972477 66.7502866972477 28.60054347826087 28.549592391304348
192 66.7502866972477 66.77178899082568 29.12703804347826 28.957201086956523
193 66.70728211009174 66.61410550458716 28.532608695652176 28.39673913043478
194 66.80762614678899 66.82196100917432 28.838315217391305 28.63451086956522
195 66.5854357798165 66.68577981651376 28.77038043478261 28.464673913043477
196 66.7502866972477 66.74311926605505 28.73641304347826 28.43070652173913
197 66.64994266055047 66.62127293577981 28.90625 28.65149456521739
198 66.74311926605505 66.78612385321101 28.63451086956522 28.29483695652174
199 66.78612385321101 66.75745412844037 28.838315217391305 28.311820652173914
