epoch train_acc1 train_acc2 test_acc1 test_acc2
0 0 0 19.769021739130434 25.067934782608695
1 22.77092889908257 22.92144495412844 39.11345108695652 39.07948369565217
2 29.93836009174312 30.124713302752294 36.68478260869565 36.58288043478261
3 36.539564220183486 36.267201834862384 35.733695652173914 35.20720108695652
4 42.882740825688074 42.84690366972477 33.203125 32.71059782608695
5 47.90711009174312 47.856938073394495 33.780570652173914 33.76358695652174
6 51.5625 51.67001146788991 33.30502717391305 33.55978260869565
7 53.98509174311926 54.1786123853211 34.22214673913044 33.76358695652174
8 55.633600917431195 55.44724770642202 32.55774456521739 33.83152173913044
9 56.393348623853214 55.71961009174312 33.389945652173914 33.62771739130435
10 56.40768348623853 55.819954128440365 33.47486413043478 34.01834239130435
11 56.887901376146786 57.07425458715596 32.33695652173913 32.45584239130435
12 57.65481651376147 57.70498853211009 33.71263586956522 33.84850543478261
13 58.127866972477065 58.450401376146786 33.37296195652174 33.203125
14 58.34288990825688 58.23537844036697 33.10122282608695 32.64266304347826
15 58.22104357798165 58.05619266055046 32.31997282608695 32.79551630434783
16 58.264048165137616 58.21387614678899 33.55978260869565 32.880434782608695
17 58.32855504587156 58.37155963302752 33.30502717391305 33.64470108695652
18 58.30705275229358 58.163704128440365 32.64266304347826 31.52173913043478
19 58.51490825688074 58.50057339449541 32.65964673913044 32.91440217391305
20 58.74426605504587 58.91628440366973 33.15217391304348 33.135190217391305
21 58.679759174311926 58.93061926605505 33.54279891304348 33.57676630434783
22 59.18147935779817 58.91628440366973 32.94836956521739 33.08423913043478
23 59.21731651376147 58.63675458715596 32.55774456521739 32.47282608695652
24 58.87327981651376 58.83744266055046 32.15013586956522 33.016304347826086
25 58.543577981651374 58.909116972477065 33.389945652173914 33.54279891304348
26 57.991685779816514 58.658256880733944 32.353940217391305 32.82948369565217
27 58.5579128440367 59.081135321100916 33.780570652173914 33.35597826086956
28 58.944954128440365 59.08830275229358 33.10122282608695 32.76154891304348
29 58.944954128440365 59.14564220183486 32.94836956521739 33.661684782608695
30 59.346330275229356 59.29615825688074 33.88247282608695 31.86141304347826
31 58.95212155963303 58.93778669724771 32.77853260869565 32.59171195652174
32 59.65452981651376 59.03096330275229 32.79551630434783 32.84646739130435
33 59.73337155963303 59.38933486238532 32.93138586956522 32.64266304347826
34 59.50401376146789 59.24598623853211 32.67663043478261 32.489809782608695
35 59.71186926605505 59.668864678899084 33.55978260869565 33.25407608695652
36 60.03440366972477 59.75487385321101 32.45584239130435 32.93138586956522
37 59.71186926605505 59.78354357798165 33.203125 32.999320652173914
38 59.6831995412844 59.71186926605505 32.04823369565217 32.11616847826087
39 59.41800458715596 59.554185779816514 33.135190217391305 33.37296195652174
40 59.25315366972477 59.210149082568805 32.59171195652174 33.45788043478261
41 59.09547018348624 59.346330275229356 32.91440217391305 33.50883152173913
42 59.61869266055046 59.66169724770642 33.28804347826087 32.40489130434783
43 60.02006880733945 59.96272935779817 31.878396739130434 32.218070652173914
44 59.96272935779817 60.091743119266056 32.421875 33.11820652173913
45 60.25659403669725 60.106077981651374 32.76154891304348 32.50679347826087
46 60.34260321100918 60.24942660550459 32.91440217391305 32.79551630434783
47 60.24942660550459 60.42144495412844 32.40489130434783 32.47282608695652
48 60.335435779816514 60.43577981651376 32.76154891304348 32.82948369565217
49 60.07740825688074 60.17058486238532 32.98233695652174 32.79551630434783
50 60.40711009174312 60.392775229357795 32.79551630434783 32.744565217391305
51 60.04157110091743 60.13474770642202 32.57472826086956 32.353940217391305
52 60.27809633027523 60.44294724770642 33.81453804347826 33.28804347826087
53 60.450114678899084 60.61496559633027 32.421875 32.45584239130435
54 60.106077981651374 60.30676605504587 33.03328804347826 32.59171195652174
55 60.6293004587156 60.52895642201835 32.76154891304348 33.08423913043478
56 60.450114678899084 60.4644495412844 33.61073369565217 32.77853260869565
57 60.08457568807339 59.46817660550459 32.76154891304348 31.827445652173914
58 59.690366972477065 59.36783256880734 32.94836956521739 33.45788043478261
59 59.96989678899082 59.65452981651376 32.489809782608695 32.59171195652174
60 60.220756880733944 60.15625 31.844429347826086 32.08220108695652
61 60.299598623853214 60.23509174311926 32.59171195652174 32.30298913043478
62 60.39994266055046 60.57196100917431 32.79551630434783 32.625679347826086
63 60.27809633027523 60.69380733944954 33.44089673913044 32.03125
64 60.55045871559633 60.643635321100916 32.43885869565217 32.744565217391305
65 60.52178899082569 60.57912844036697 33.25407608695652 32.98233695652174
66 60.16341743119266 60.38560779816514 33.03328804347826 32.421875
67 60.36410550458716 60.31393348623853 33.11820652173913 32.744565217391305
68 60.67230504587156 60.722477064220186 33.81453804347826 32.8125
69 60.23509174311926 60.28526376146789 32.625679347826086 32.31997282608695
70 60.1920871559633 60.356938073394495 32.608695652173914 32.489809782608695
71 60.507454128440365 60.32826834862385 34.00135869565217 33.33899456521739
72 60.52895642201835 60.220756880733944 33.06725543478261 32.25203804347826
73 60.53612385321101 60.14191513761468 33.47486413043478 33.30502717391305
74 60.57912844036697 60.091743119266056 33.30502717391305 32.47282608695652
75 60.76548165137615 60.57196100917431 33.54279891304348 32.30298913043478
76 60.56479357798165 60.55762614678899 33.03328804347826 32.72758152173913
77 60.61496559633027 60.643635321100916 33.135190217391305 32.25203804347826
78 60.586295871559635 60.61496559633027 33.797554347826086 32.59171195652174
79 60.622133027522935 61.01634174311926 34.29008152173913 32.26902173913044
80 60.794151376146786 60.89449541284404 33.35597826086956 33.25407608695652
81 60.78698394495413 60.908830275229356 32.86345108695652 32.421875
82 60.70814220183486 60.887327981651374 33.32201086956522 33.32201086956522
83 60.700974770642205 60.65080275229358 33.11820652173913 32.26902173913044
84 60.6293004587156 60.299598623853214 32.76154891304348 33.016304347826086
85 60.61496559633027 60.74397935779817 33.16915760869565 32.30298913043478
86 60.39994266055046 60.722477064220186 32.79551630434783 33.72961956521739
87 60.736811926605505 61.03067660550459 31.929347826086957 31.929347826086957
88 60.371272935779814 61.06651376146789 33.33899456521739 32.999320652173914
89 60.84432339449541 60.71530963302752 32.72758152173913 33.11820652173913
90 61.05934633027523 61.07368119266055 33.016304347826086 32.52377717391305
91 61.28153669724771 61.267201834862384 33.016304347826086 32.94836956521739
92 61.41771788990825 61.37471330275229 33.10122282608695 32.999320652173914
93 61.28153669724771 61.32454128440367 33.271059782608695 33.08423913043478
94 61.47505733944954 61.2098623853211 32.89741847826087 33.23709239130435
95 61.29587155963303 61.102350917431195 32.608695652173914 32.96535326086956
96 61.32454128440367 61.16685779816514 32.353940217391305 32.04823369565217
97 61.37471330275229 61.28153669724771 32.55774456521739 33.03328804347826
98 61.39621559633027 61.32454128440367 32.999320652173914 32.353940217391305
99 61.37471330275229 61.482224770642205 32.94836956521739 32.93138586956522
100 61.389048165137616 61.32454128440367 32.33695652173913 32.84646739130435
101 61.231364678899084 60.94466743119266 33.135190217391305 33.16915760869565
102 61.18119266055046 61.08801605504587 31.81046195652174 32.43885869565217
103 61.13102064220183 61.04501146788991 32.69361413043478 31.86141304347826
104 61.116685779816514 60.93033256880734 32.608695652173914 33.35597826086956
105 60.908830275229356 60.16341743119266 31.47078804347826 33.37296195652174
106 60.71530963302752 60.36410550458716 33.37296195652174 33.81453804347826
107 60.70814220183486 60.70814220183486 32.93138586956522 32.999320652173914
108 60.872993119266056 61.13102064220183 32.25203804347826 32.52377717391305
109 61.32454128440367 61.34604357798165 32.84646739130435 32.421875
110 61.28153669724771 61.31020642201835 32.86345108695652 32.489809782608695
111 61.43205275229358 61.47505733944954 32.94836956521739 32.999320652173914
112 61.33170871559633 61.28153669724771 33.25407608695652 33.67866847826087
113 61.43205275229358 61.46072247706422 32.8125 32.65964673913044
114 61.575401376146786 61.575401376146786 32.91440217391305 32.33695652173913
115 61.553899082568805 61.518061926605505 32.91440217391305 32.421875
116 61.53239678899082 61.61840596330275 32.744565217391305 32.625679347826086
117 61.31020642201835 61.43205275229358 32.98233695652174 32.43885869565217
118 61.49655963302752 61.49655963302752 32.86345108695652 33.50883152173913
119 61.47505733944954 61.503727064220186 33.016304347826086 32.72758152173913
120 61.38188073394495 61.03067660550459 32.84646739130435 32.79551630434783
121 61.33887614678899 61.14535550458716 32.55774456521739 32.40489130434783
122 61.389048165137616 61.26003440366973 32.64266304347826 32.26902173913044
123 61.46072247706422 61.31737385321101 32.98233695652174 32.96535326086956
124 61.518061926605505 61.45355504587156 32.744565217391305 32.25203804347826
125 61.553899082568805 61.49655963302752 32.8125 32.099184782608695
126 61.47505733944954 61.51089449541284 32.94836956521739 32.625679347826086
127 61.56106651376147 61.76175458715596 33.18614130434783 32.45584239130435
128 61.71158256880734 61.73308486238532 33.203125 32.54076086956522
129 61.62557339449541 61.67574541284404 33.06725543478261 32.421875
130 61.16685779816514 61.37471330275229 32.89741847826087 32.421875
131 60.9016628440367 61.2456995412844 32.93138586956522 32.15013586956522
132 61.46788990825688 61.49655963302752 32.65964673913044 31.55570652173913
133 61.61840596330275 61.58256880733945 33.16915760869565 33.05027173913044
134 61.58256880733945 61.56106651376147 32.28600543478261 32.353940217391305
135 61.61840596330275 61.632740825688074 32.28600543478261 32.55774456521739
136 61.71158256880734 61.70441513761468 31.708559782608695 31.487771739130434
137 61.654243119266056 61.668577981651374 32.218070652173914 32.30298913043478
138 61.553899082568805 61.668577981651374 31.980298913043477 32.47282608695652
139 61.783256880733944 61.933772935779814 32.30298913043478 31.606657608695652
140 61.63990825688074 61.81192660550459 32.03125 31.640625
141 61.70441513761468 61.82626146788991 32.13315217391305 31.86141304347826
142 61.76175458715596 61.83342889908257 32.59171195652174 32.16711956521739
143 61.81192660550459 61.7545871559633 31.827445652173914 32.18410326086956
144 61.76175458715596 61.79759174311926 32.04823369565217 32.08220108695652
145 61.89076834862385 61.933772935779814 32.31997282608695 31.94633152173913
146 61.86926605504587 61.82626146788991 32.55774456521739 31.844429347826086
147 61.83342889908257 61.84059633027523 32.31997282608695 31.827445652173914
148 61.81909403669725 61.883600917431195 32.28600543478261 31.929347826086957
149 61.933772935779814 61.89076834862385 32.13315217391305 31.487771739130434
150 61.883600917431195 61.897935779816514 31.980298913043477 32.04823369565217
151 61.79759174311926 61.92660550458716 32.69361413043478 32.03125
152 61.81192660550459 61.82626146788991 32.33695652173913 32.01426630434783
153 61.89076834862385 62.04128440366973 32.64266304347826 32.235054347826086
154 61.7545871559633 61.81909403669725 32.15013586956522 32.25203804347826
155 61.897935779816514 61.86926605504587 32.13315217391305 32.65964673913044
156 61.98394495412844 62.05561926605505 32.26902173913044 32.13315217391305
157 61.85493119266055 61.92660550458716 32.47282608695652 32.50679347826087
158 61.79759174311926 61.89076834862385 32.15013586956522 32.38790760869565
159 61.66141055045872 61.94094036697248 32.18410326086956 32.28600543478261
160 61.86926605504587 61.919438073394495 32.16711956521739 32.59171195652174
161 61.87643348623853 61.58973623853211 32.11616847826087 32.06521739130435
162 61.54673165137615 61.67574541284404 32.37092391304348 32.08220108695652
163 61.518061926605505 61.76175458715596 32.608695652173914 31.94633152173913
164 61.45355504587156 61.668577981651374 32.608695652173914 32.30298913043478
165 61.46788990825688 61.47505733944954 32.13315217391305 32.06521739130435
166 61.553899082568805 61.54673165137615 32.744565217391305 32.47282608695652
167 61.71875 61.77608944954128 32.71059782608695 31.691576086956523
168 61.4463876146789 61.69724770642202 31.91236413043478 32.15013586956522
169 61.768922018348626 61.897935779816514 31.997282608695652 31.929347826086957
170 61.76175458715596 61.83342889908257 31.929347826086957 32.31997282608695
171 61.9911123853211 61.94810779816514 32.16711956521739 32.235054347826086
172 61.883600917431195 61.94810779816514 31.878396739130434 32.08220108695652
173 61.84776376146789 61.955275229357795 32.04823369565217 32.421875
174 61.73308486238532 61.919438073394495 32.16711956521739 32.40489130434783
175 61.86926605504587 61.85493119266055 32.31997282608695 32.72758152173913
176 61.85493119266055 61.87643348623853 32.65964673913044 32.31997282608695
177 61.73308486238532 61.86926605504587 31.94633152173913 31.91236413043478
178 61.97677752293578 62.012614678899084 32.04823369565217 32.999320652173914
179 62.04128440366973 62.04128440366973 32.40489130434783 32.69361413043478
180 61.90510321100918 62.034116972477065 31.793478260869566 32.8125
181 61.85493119266055 62.06278669724771 31.844429347826086 32.33695652173913
182 61.89076834862385 62.012614678899084 31.572690217391305 32.06521739130435
183 61.897935779816514 61.90510321100918 31.81046195652174 32.608695652173914
184 61.66141055045872 61.747419724770644 32.89741847826087 31.980298913043477
185 62.048451834862384 61.9911123853211 31.980298913043477 32.25203804347826
186 62.012614678899084 62.12012614678899 32.26902173913044 32.59171195652174
187 61.97677752293578 61.96244266055046 32.28600543478261 32.57472826086956
188 61.89076834862385 62.00544724770642 32.50679347826087 32.55774456521739
189 62.00544724770642 61.933772935779814 32.55774456521739 32.94836956521739
190 61.94810779816514 61.97677752293578 32.52377717391305 32.89741847826087
191 62.01978211009175 62.05561926605505 32.71059782608695 33.15217391304348
192 62.06278669724771 62.034116972477065 32.40489130434783 32.84646739130435
193 62.12729357798165 62.11295871559633 32.25203804347826 33.15217391304348
194 62.06278669724771 61.96961009174312 32.31997282608695 33.06725543478261
195 62.04128440366973 62.048451834862384 32.50679347826087 33.11820652173913
196 61.94810779816514 62.06278669724771 32.37092391304348 33.06725543478261
197 62.09862385321101 62.05561926605505 31.963315217391305 32.89741847826087
198 61.92660550458716 61.82626146788991 32.13315217391305 33.389945652173914
199 62.04128440366973 61.96961009174312 32.03125 33.11820652173913
